-1.018433946134622015e-01-1.018433946134622015e-01

-1.037846056162442798e-01-1.037846056162442798e-01

-1.041354369692730764e-01-1.041354369692730764e-01

-1.019032960222415046e-01-1.019032960222415046e-01

-9.714456859025064062e-02-9.714456859025064062e-02

-9.111507778469496444e-02-9.111507778469496444e-02

-8.579034239037226783e-02-8.579034239037226783e-02

-8.301075632911393554e-02-8.301075632911393554e-02

-8.372650744144743973e-02-8.372650744144743973e-02

-8.770238335678910702e-02-8.770238335678910702e-02

-9.372672092551824485e-02-9.372672092551824485e-02

-1.001121470875256936e-01-1.001121470875256936e-01

-1.052274305601149235e-01-1.052274305601149235e-01

-1.079117118221731980e-01-1.079117118221731980e-01

-1.077364681064717500e-01-1.077364681064717500e-01

-1.050911830034677030e-01-1.050911830034677030e-01

-1.010277441892995925e-01-1.010277441892995925e-01

-9.684297679409646642e-02-9.684297679409646642e-02

-9.354103804998212257e-02-9.354103804998212257e-02

-9.145458676434668754e-02-9.145458676434668754e-02

-9.024874171020656755e-02-9.024874171020656755e-02

-8.928798193055140220e-02-8.928798193055140220e-02

-8.810285307103381258e-02-8.810285307103381258e-02

-8.665691745164447179e-02-8.665691745164447179e-02

-8.530665397642557546e-02-8.530665397642557546e-02

-8.457379680273066636e-02-8.457379680273066636e-02

-8.491138347380190743e-02-8.491138347380190743e-02

-8.654649237652761729e-02-8.654649237652761729e-02

-8.937852266608736773e-02-8.937852266608736773e-02

-9.290899519423742592e-02-9.290899519423742592e-02
-9.625352037202078437e-02
-9.833083559102910598e-02
-9.824619860763503243e-02
-9.571814820872166785e-02
-9.129259620838665878e-02
-8.617298557075361853e-02
-8.173148489159029473e-02
-7.897588778152403455e-02
-7.826102659129106909e-02
-7.934005130162535835e-02
-8.161802886357649722e-02
-8.439354234528233245e-02
-8.698699670339862799e-02
-8.881053455134876873e-02
-8.947255416158383934e-02
-8.891340112288444175e-02
-8.746050304702800149e-02
-8.569820251827192648e-02
-8.418205494489036655e-02
-8.317497075688876085e-02
-8.259958586908323908e-02
-8.224383462397824585e-02
-8.204000017689945523e-02
-8.216030659966294669e-02
-8.283028655707695698e-02
-8.402466121628503204e-02
-8.533516707351258834e-02
-8.616710666903719396e-02
-8.614543079297720674e-02
-8.542828375594195556e-02
-8.468768604513525478e-02
-8.476501509439555992e-02
-8.623644387491277707e-02
-8.915629326343293970e-02
-9.308170881281412068e-02
-9.728137856030678876e-02
-1.009650448348214657e-01
-1.034563373344954684e-01
-1.043371709635049355e-01
-1.035919480452787145e-01
-1.016826750271937335e-01
-9.942956756849220812e-02
-9.767524517976469700e-02
-9.690605614656382094e-02
-9.707727873584254263e-02
-9.773427357552447181e-02
-9.828525281466661545e-02
-9.819969249525530020e-02
-9.704323364935750484e-02
-9.445266511070495030e-02
-9.020441130002243568e-02
-8.439400155988593943e-02
-7.755867078539270543e-02
-7.054002585954564919e-02
-6.408025288679446152e-02
-5.841599383245119764e-02
-5.319788318152608719e-02
-4.781597090439469733e-02
-4.186681480956019885e-02
-3.538677290273719439e-02
-2.870174103787027226e-02
-2.207927806280117131e-02
-1.550537152805009714e-02
-8.759362526210671962e-03
-1.693788601803584070e-03
5.535304519290224108e-03
1.248656136807107901e-02
1.868080260968284570e-02
2.385824564636160675e-02
2.802367700878162851e-02
3.126743701440607565e-02
3.357189187711478312e-02
3.481663327301989797e-02
3.497613512883503833e-02
3.429901443591207993e-02
3.327901289658532352e-02
3.242996482902547883e-02
3.204162802169739643e-02
3.207892165836057075e-02
3.225236704314727448e-02
3.218302677432824388e-02
3.157408606138790291e-02
3.033056676989379086e-02
2.858775257996501798e-02
2.663073654762483297e-02
2.473577553208739302e-02
2.301796615034777324e-02
2.137838820211317506e-02
1.959054962199055158e-02
1.748816552079410919e-02
1.515145920372166014e-02
1.295938326291147351e-02
1.142548607854134909e-02
1.088639960823269137e-02
1.126321124547505388e-02
1.210102325808041883e-02
1.287687090457836567e-02
1.333208207008077829e-02
1.356160001774972014e-02
1.381185361422232645e-02
1.419157240293351420e-02
1.455318968121477145e-02
1.462624895051921163e-02
1.425317967224523988e-02
1.349566698411468202e-02
1.251337312903155231e-02
1.134060445832494463e-02
9.784159674909998286e-03
7.544188963245994535e-03
4.453701244011951284e-03
6.457894740006243613e-04
-3.452557362032288458e-03
-7.249622795514827460e-03
-1.012570736883017936e-02
-1.152856879730269554e-02
-1.107847384966806521e-02
-8.729895393978597679e-03
-4.920690028635345097e-03
-5.548786682104422420e-04
3.261820642524128865e-03
5.628040472445999809e-03
6.159192900596668387e-03
5.024263765717330854e-03
2.725409062363203828e-03
-1.815637609546219967e-04
-3.226950095000253021e-03
-6.003118189607971680e-03
-8.125201162425901152e-03
-9.319807204508452972e-03
-9.612212712273544152e-03
-9.417398677295803211e-03
-9.358875696301269254e-03
-9.866988323709637368e-03
-1.085987834919390806e-02
-1.181459185279690530e-02
-1.222277356493679454e-02
-1.206276713472912224e-02
-1.187023781580316337e-02
-1.232296980730966489e-02
-1.366701728355475612e-02
-1.543501697771202177e-02
-1.666411536558075682e-02
-1.644392279153800498e-02
-1.441375220293383830e-02
-1.091091076261002137e-02
-6.741297364503762504e-03
-2.775518584169479538e-03
3.832481545539698697e-04
2.535524816837725869e-03
3.849169481080065049e-03
4.729848340562037810e-03
5.642622527722381334e-03
6.894674026615408603e-03
8.430448396488834928e-03
9.771614346370926379e-03
1.023221624653606818e-02
9.377359108297783977e-03
7.462830782270891451e-03
5.513897204969983937e-03
4.907569133751872939e-03
6.679903078300336756e-03
1.098945523079853347e-02
1.706257375104746829e-02
2.363307897562858320e-02
2.960674427968890132e-02
3.458876651436226801e-02
3.902395833470673203e-02
4.392490430075521313e-02
5.035981457389278326e-02
5.893175892996823512e-02
6.942819603053736188e-02
8.075569266579907257e-02
9.121788939377549477e-02
9.907863906911895668e-02
1.031896207480516026e-01
1.033824144215710339e-01
1.004285917806324868e-01
9.561724826748889405e-02
9.022823219263001460e-02
8.521847014479839999e-02
8.124553300540124368e-02
7.887456838194739639e-02
7.866919380357292879e-02
8.096153873582870308e-02
8.536939510580496271e-02
9.040065603859848142e-02
9.355273826815506399e-02
9.207284707190499518e-02
8.410445991932760657e-02
6.961425071215961158e-02
5.056095444984964882e-02
3.022081566301292738e-02
1.206281068965669653e-02
-1.295541151406875632e-03
-8.722045380046301172e-03
-1.071445665766415992e-02
-9.095809443904387045e-03
-6.354684720564054805e-03
-4.816654194867594357e-03
-5.924043124111699581e-03
-9.884135738555033593e-03
-1.579119775637246800e-02
-2.211320507981510280e-02
-2.728824702227832660e-02
-3.019143448514171116e-02
-3.037852605229277372e-02
-2.813988814343466871e-02
-2.440402100780500461e-02
-2.047320167633768367e-02
-1.758978896972162448e-02
-1.645395279018349588e-02
-1.693035294727152779e-02
-1.815377952883733340e-02
-1.903680964874745335e-02
-1.891436510167008103e-02
-1.795090908870449614e-02
-1.711676945219283916e-02
-1.786633766942279447e-02
-2.181301059684715576e-02
-3.055202598279710413e-02
-4.550872142826159483e-02
-6.757994710844568431e-02
-9.648863035066657101e-02
-1.300139168514619081e-01
-1.633873959865416170e-01
-1.891241675125200361e-01
-1.974439916479100721e-01
-1.772876723046717951e-01
-1.178536160538490446e-01
-1.066014190902008808e-02
1.477799723391018671e-01
3.528706717208441868e-01
5.893595865030694103e-01
8.308542772633994433e-01
1.042806627799629737e+00
1.189130848799199835e+00
1.240992795297937601e+00
1.185106209165818658e+00
1.028613802547977185e+00
7.984570835236216579e-01
5.349167633242879472e-01
2.812175779271785525e-01
7.275103684496005141e-02
-7.041139228129168759e-02
-1.456138575743391173e-01
-1.645308483397167620e-01
-1.468799034480386956e-01
-1.134933646612915903e-01
-8.087959366599438427e-02
-5.845610005917674379e-02
-4.857656755246702457e-02
-4.858520245301481411e-02
-5.366111214097799703e-02
-5.929406293821957302e-02
-6.273451428263025764e-02
-6.334435006748818930e-02
-6.213921998442417660e-02
-6.090615095694789510e-02
-6.124416679784097650e-02
-6.383284030038233192e-02
-6.816981899021479219e-02
-7.285901926806000184e-02
-7.628282996109263248e-02
-7.729957114030970577e-02
-7.563765604503104589e-02
-7.189335767327839632e-02
-6.726326754877536007e-02
-6.317700354352485947e-02
-6.089663701202829849e-02
-6.111112020816592688e-02
-6.364524901853810257e-02
-6.747741848963947908e-02
-7.115803988998112284e-02
-7.347477248434033936e-02
-7.401412337846045852e-02
-7.329183743154615849e-02
-7.238176988325251138e-02
-7.229390139957291017e-02
-7.348930971380261690e-02
-7.576918895205297932e-02
-7.848853044989413663e-02
-8.087546056602303024e-02
-8.228166181598640938e-02
-8.232836694572356895e-02
-8.098305700451101374e-02
-7.856971687081995559e-02
-7.567020475622809883e-02
-7.290577620797950020e-02
-7.068500114836023807e-02
-6.906927943559945660e-02
-6.785707650736615137e-02
-6.683344895072754199e-02
-6.598391445894158380e-02
-6.547908885491139641e-02
-6.543532771043787666e-02
-6.568092109967794967e-02
-6.577969343228060040e-02
-6.533746298342663072e-02
-6.434058694384445221e-02
-6.321634793899516547e-02
-6.253695834344497051e-02
-6.260619282394805363e-02
-6.327655318300462461e-02
-6.414347648864780760e-02
-6.493146353053874664e-02
-6.572398868468262711e-02
-6.684109822327656547e-02
-6.849274440319470802e-02
-7.053510685976567551e-02
-7.255505605715618922e-02
-7.420261996289946593e-02
-7.546635326196134141e-02
-7.665285030637260244e-02
-7.811674884691673093e-02
-8.000200181736639993e-02
-8.219995888900281933e-02
-8.449808461162935935e-02
-8.673828117289347772e-02
-8.885659016830747825e-02
-9.083582272563439641e-02
-9.268323053323374028e-02
-9.448002404725820702e-02
-9.643221249209364687e-02
-9.881422189046187854e-02
-1.017870285930434354e-01
-1.052204239655804147e-01
-1.087029205466988196e-01
-1.117855544572159132e-01
-1.142787796719165472e-01
-1.163439124294912558e-01
-1.183004953404022674e-01
-1.203348012220685631e-01
-1.223738730840306793e-01
-1.242159040724770680e-01
-1.257622661092707983e-01
-1.271082299706957075e-01
-1.283927501198217636e-01
-1.295472663358612775e-01
-1.301894775493200318e-01
-1.297712129173244633e-01
-1.278428763299624404e-01
-1.241924020153093583e-01
-1.187599573193972025e-01
-1.114648868805771242e-01
-1.021660612610381796e-01
-9.083465832551884667e-02
-7.779348666984320371e-02
-6.378489184843653959e-02
-4.976560637375505858e-02
-3.657163570315107720e-02
-2.471307791378939828e-02
-1.442690620872090490e-02
-5.861393253999942071e-03
8.522308238047552513e-04
5.737754172901031458e-03
9.156529976013530470e-03
1.177818750874762115e-02
1.427222166436642979e-02
1.693638280115860456e-02
1.957013634270088343e-02
2.170683833238205851e-02
2.301392433068618834e-02
2.353343399857847976e-02
2.359018442319280040e-02
2.349770768906025986e-02
2.335672256119647114e-02
2.311736388506491560e-02
2.279898581815943681e-02
2.260519473719765221e-02
2.278627397673819999e-02
2.337313951656989561e-02
2.405867177787414726e-02
2.437044235073510673e-02
2.400060080996174044e-02
2.301805544785259436e-02
2.181048656108001624e-02
2.084997359657405833e-02
2.049785999259746277e-02
2.095934879934048187e-02
2.231334100218628283e-02
2.448853721050603394e-02
2.716801064741046143e-02
2.974388258414498859e-02
3.146071452756753900e-02
3.174051194410137250e-02
3.049127664404431212e-02
2.816061583095048892e-02
2.547753901217132688e-02
2.307122913749564547e-02
2.123207958873103360e-02
1.992600667311902884e-02
1.895561264748713698e-02
1.808929688701086183e-02
1.708572834105055727e-02
1.568464711197740252e-02
1.366931738122482282e-02
1.100826672641314063e-02
7.958353099213366297e-03
4.995084904960992757e-03
2.567247278279737727e-03
8.387618493603776456e-04
-3.793562112598908385e-04
-1.441738881909941693e-03
-2.567318822527010335e-03
-3.665849241577520245e-03
-4.432578147612444355e-03
-4.619680250193202234e-03
-4.239079475955882977e-03
-3.529628657296132819e-03
-2.755416607107313755e-03
-2.050760909209654176e-03
-1.444768834675094153e-03
-9.848707879816821775e-04
-7.731140753733540269e-04
-8.514440337521660216e-04
-1.083123644987561479e-03
-1.224726310545862446e-03
-1.191661325802752941e-03
-1.283398884272409684e-03
-2.108093982106837381e-03
-4.184489188545003832e-03
-7.494477822080803861e-03
-1.133712974471115693e-02
-1.461559233202046511e-02
-1.636276228734001234e-02
-1.615625533602238137e-02
-1.419901519258420959e-02
-1.111010894981680555e-02
-7.641375724764904072e-03
-4.493663986237173696e-03
-2.240437930046611844e-03
-1.258461682687261321e-03
-1.613411590790528403e-03
-2.982276482316409318e-03
-4.748426697019103061e-03
-6.290874305900444850e-03
-7.301166274243433077e-03
-7.891078504613319167e-03
-8.395874602904461817e-03
-9.023686192228198150e-03
-9.630736864232989844e-03
-9.791840210758863058e-03
-9.089052192880510417e-03
-7.384462070074365204e-03
-4.900621656032629232e-03
-2.119143494506165164e-03
3.710657246125365441e-04
1.990869030816412068e-03
2.287373500214173565e-03
1.111885664883731795e-03
-1.177323878564822540e-03
-3.633890118150849644e-03
-4.905424213321299236e-03
-3.679247632723641782e-03
7.933290397408881587e-04
8.369442848870360663e-03
1.807141965586741422e-02
2.849761894213189567e-02
3.835756826364136035e-02
4.686192706747051989e-02
5.383740015224913050e-02
5.962101805678788474e-02
6.485774321322844427e-02
7.026701693733777843e-02
7.638379191615093933e-02
8.331064309021679604e-02
9.059202668319445151e-02
9.732428330277574646e-02
1.024977496144513084e-01
1.053994526285991634e-01
1.058268896225006417e-01
1.039849902908099449e-01
1.002036595817255432e-01
9.478477752362150788e-02
8.816994922887516628e-02
8.129217539090394240e-02
7.572499825530887296e-02
7.330617402309523578e-02
7.528066517341271136e-02
8.142366849674824436e-02
8.973911754130772800e-02
9.703931116531687440e-02
1.001728411566828181e-01
9.725369563543440066e-02
8.825155775151383164e-02
7.472611325027973816e-02
5.900146499585191134e-02
4.330024831046475065e-02
2.919729931247509042e-02
1.745078314520525156e-02
8.101221153316183130e-03
7.346552740920131571e-04
-5.168796259097119435e-03
-9.933765842142455380e-03
-1.361060473496195078e-02
-1.617893585119432875e-02
-1.785817653577995504e-02
-1.922366168814192144e-02
-2.098162545958219896e-02
-2.356735676693728909e-02
-2.689426167484954000e-02
-3.044741699674492416e-02
-3.362582336190943211e-02
-3.605385267239368668e-02
-3.764836994538491022e-02
-3.847027709168008430e-02
-3.858122465726485095e-02
-3.808589796371245756e-02
-3.731427766178574412e-02
-3.692792538538484243e-02
-3.780765350652311868e-02
-4.082803066648871965e-02
-4.677877838121026477e-02
-5.655704499449021316e-02
-7.142303604292697672e-02
-9.289174043048228913e-02
-1.219311497030157454e-01
-1.574886909595590856e-01
-1.947742546415395792e-01
-2.240234025941435780e-01
-2.305320599057633091e-01
-1.965477942719345561e-01
-1.051972792173372778e-01
5.388353201047326596e-02
2.782421670108173317e-01
5.476067232153368769e-01
8.229912495258544514e-01
1.052420815000752796e+00
1.183630139636289158e+00
1.180580287250224680e+00
1.037598028765182478e+00
7.844421693433780707e-01
4.786514274194240137e-01
1.871918577031793374e-01
-3.517486367159426003e-02
-1.615702450409030877e-01
-1.966364307173676385e-01
-1.682319670247519883e-01
-1.126844455957842495e-01
-6.082613352471751694e-02
-2.995562401243951831e-02
-2.301976932187461619e-02
-3.305634241870436529e-02
-4.954009344380532615e-02
-6.367505419983088277e-02
-7.107066292922219197e-02
-7.174496006945389748e-02
-6.842200959467048538e-02
-6.441234130664369451e-02
-6.207511359170160559e-02
-6.225354310112584527e-02
-6.451566216875218029e-02
-6.777703781748846412e-02
-7.093498660841127124e-02
-7.331284173962047956e-02
-7.483337663068970191e-02
-7.590395438455811716e-02
-7.707187776273234647e-02
-7.861882386058553773e-02
-8.033676377009145442e-02
-8.165418806927146611e-02
-8.204964578064508074e-02
-8.146094595266586968e-02
-8.037886825445568484e-02
-7.954641270780546392e-02
-7.948730160076961093e-02
-8.020787413280758282e-02
-8.125662719277373935e-02
-8.203365286480386598e-02
-8.207954248795765184e-02
-8.116837185358713458e-02
-7.925436202840713262e-02
-7.643470461520006365e-02
-7.299371369855645053e-02
-6.942580280488343247e-02
-6.631086108601982887e-02
-6.407292180565969664e-02
-6.280624690048854097e-02
-6.232451014449716387e-02
-6.240705560695796600e-02
-6.304657042653191712e-02
-6.448362670456776746e-02
-6.697619667329361703e-02
-7.048180643921707345e-02
-7.452208800070550532e-02
-7.835522012219338361e-02
-8.132597624015440452e-02
-8.312427590749277284e-02
-8.378012287598406160e-02
-8.346193413359448421e-02
-8.230458420548153464e-02
-8.042834212031671481e-02
-7.809123553813397678e-02
-7.576263908056302121e-02
-7.396857744278664826e-02
-7.298391335636482402e-02
-7.262120883385893289e-02
-7.231497707690306975e-02
-7.145586225301536754e-02
-6.972261064016913035e-02
-6.719035673083480209e-02
-6.421092032159347873e-02
-6.123034850298574028e-02
-5.868488052421719919e-02
-5.697610632019881050e-02
-5.644064257093640152e-02
-5.726734055333008999e-02
-5.940424121648693601e-02
-6.254017955870534717e-02
-6.620346368051217845e-02
-6.992388030336885163e-02
-7.334646576171494070e-02
-7.624072569002268707e-02
-7.846302721320308482e-02
-7.996706573283632324e-02
-8.087529520547044604e-02
-8.151951656261313683e-02
-8.234516059956750733e-02
-8.367644017529080047e-02
-8.548314484969875282e-02
-8.734432223483373781e-02
-8.868484572391945042e-02
-8.913842580205784405e-02
-8.876387535765123404e-02
-8.794240295112390471e-02
-8.702939007530283155e-02
-8.601224863605475002e-02
-8.440362525473919797e-02
-8.142056195430763532e-02
-7.631701631667166252e-02
-6.868085206932740550e-02
-5.859167379813252224e-02
-4.664922828254426668e-02
-3.390169740414688410e-02
-2.164880350876425413e-02
-1.109755675923053062e-02
-2.961584681178047306e-03
2.791053541510256277e-03
6.865391932459068494e-03
1.025239744174468240e-02
1.374477270407798227e-02
1.763493564547757506e-02
2.173569131789585343e-02
2.563451144713451563e-02
2.895669745657360530e-02
3.147306769836978602e-02
3.306710774509422773e-02
3.369165510486067661e-02
3.339854331430616025e-02
3.239702622976629864e-02
3.103634788244912651e-02
2.967166141741154825e-02
2.849146000261010628e-02
2.744375681479538365e-02
2.633738615738779806e-02
2.505428169289661625e-02
2.370294335292704238e-02
2.257927636993619161e-02
2.196890435696374072e-02
2.197114499064452275e-02
2.249343583199291466e-02
2.338051839001989429e-02
2.450418113526494843e-02
2.570595761400482418e-02
2.668331577163353396e-02
2.700347789008976720e-02
2.629774877709205316e-02
2.447673488443333906e-02
2.175469621805842246e-02
1.844991484500590681e-02
1.475919698835085128e-02
1.074109613852156780e-02
6.530129198628172905e-03
2.550686255771605210e-03
-5.382942916479099577e-04
-2.206912189876657909e-03
-2.470331612218540276e-03
-2.015584291446811949e-03
-1.906738824732699504e-03
-3.052994168032907747e-03
-5.780234148109291738e-03
-9.739404401745713202e-03
-1.413404977558221746e-02
-1.806690530424257327e-02
-2.081513345565452061e-02
-2.197949143268692479e-02
-2.154997747221619464e-02
-1.991529979469994910e-02
-1.778259471688052248e-02
-1.596757093716693818e-02
-1.509713296052503199e-02
-1.537266793269943463e-02
-1.655449470840851187e-02
-1.819361199036709925e-02
-1.994883869378006117e-02
-2.175201030096218097e-02
-2.370614130183363449e-02
-2.583336441880550519e-02
-2.792419396669818324e-02
-2.963839137090959128e-02
-3.075661368438145638e-02
-3.132954764307371159e-02
-3.157422286584150167e-02
-3.161804683727376802e-02
-3.133823141548736785e-02
-3.045597585376836128e-02
-2.881077976841716140e-02
-2.656810398900570289e-02
-2.416040310931176147e-02
-2.199868916898980314e-02
-2.020840062442066931e-02
-1.863083575212447218e-02
-1.708778580090446891e-02
-1.565787741347118497e-02
-1.470588132419332894e-02
-1.464937862495968059e-02
-1.568716615803717254e-02
-1.771215857868588955e-02
-2.041958605389199502e-02
-2.344210512596680077e-02
-2.637769954816452517e-02
-2.875862866967947989e-02
-3.011537797367763031e-02
-3.018552967814081001e-02
-2.911422651345199619e-02
-2.743297931850607538e-02
-2.577999786237333835e-02
-2.455635593319158150e-02
-2.375880059542982356e-02
-2.306592776711879900e-02
-2.205329945697516100e-02
-2.034974090456068141e-02
-1.765662982603906708e-02
-1.371262691686454815e-02
-8.335088913490660764e-03
-1.566059488092788046e-03
6.195221684116037145e-03
1.423532224322148106e-02
2.178714683015026826e-02
2.835478851490289345e-02
3.387331724154533930e-02
3.861390688351758887e-02
4.296081075234001179e-02
4.725383871092719845e-02
5.175900441741502350e-02
5.666647135591199730e-02
6.199881282255296361e-02
6.745306657535482531e-02
7.234141963816657916e-02
7.577702161221690214e-02
7.706466142825249555e-02
7.605960704178864329e-02
7.323939204456879348e-02
6.943406321094010292e-02
6.542235058707447648e-02
6.169924927421750055e-02
5.856440699566250324e-02
5.640005571915696070e-02
5.583925497321201581e-02
5.760124748242400478e-02
6.201458335028024738e-02
6.848282321409415729e-02
7.524009843637306794e-02
7.964287269121514412e-02
7.897592914543165310e-02
7.144693631268199396e-02
5.690641872293415032e-02
3.697167216868715162e-02
1.454665148720623441e-02
-7.022821116795846703e-03
-2.485987571618008748e-02
-3.728314182188605108e-02
-4.414965598377456474e-02
-4.669097649428192998e-02
-4.688918873826654343e-02
-4.665983230705814805e-02
-4.721887342606732180e-02
-4.888988857570307489e-02
-5.132535592002409469e-02
-5.389346648141293827e-02
-5.598332822475183407e-02
-5.716000338444490042e-02
-5.725624397196528437e-02
-5.646815486916933330e-02
-5.537635712674621180e-02
-5.474929332566108586e-02
-5.514161912961625112e-02
-5.655628922077209769e-02
-5.849834816277758170e-02
-6.047701151995140550e-02
-6.262163844455484463e-02
-6.592386827927340653e-02
-7.186350157495435820e-02
-8.164166780057978412e-02
-9.556023810742400593e-02
-1.129904315849657587e-01
-1.329325797550462152e-01
-1.547189333684876600e-01
-1.782846107403366076e-01
-2.037144266631964185e-01
-2.302593916642303173e-01
-2.553442007911818634e-01
-2.739948426086885047e-01
-2.787168980273132535e-01
-2.596359395260030567e-01
-2.050489551922749232e-01
-1.031576811789499115e-01
5.415190985142503965e-02
2.656388368094489416e-01
5.151064138959481342e-01
7.692265312556763046e-01
9.818153399326565722e-01
1.105131272057293890e+00
1.105174369371594745e+00
9.751299206836648858e-01
7.407328589120356632e-01
4.540724790814862355e-01
1.773368467731086529e-01
-3.711704484713106156e-02
-1.619960383748938748e-01
-1.995785575313280269e-01
-1.748745004608703579e-01
-1.220501215315635685e-01
-7.092168228905276761e-02
-3.881054451729391147e-02
-2.940605138863631313e-02
-3.685418111078718473e-02
-5.169133631101080484e-02
-6.568310862424565910e-02
-7.421247974226356792e-02
-7.640449426346979100e-02
-7.395054425397314113e-02
-6.959169944221096915e-02
-6.584861790222538980e-02
-6.423848082111426050e-02
-6.503382391657390460e-02
-6.751331652845699027e-02
-7.052446374807554152e-02
-7.305445664611381895e-02
-7.452797540706149193e-02
-7.476629046799478095e-02
-7.378691595741551645e-02
-7.168233608910454246e-02
-6.866593647161707559e-02
-6.518246977244873674e-02
-6.191173539213124660e-02
-5.958335924831186653e-02
-5.868951005509322888e-02
-5.928740495967856766e-02
-6.102157377752942535e-02
-6.332170269140711960e-02
-6.561162300730229158e-02
-6.740084704417940997e-02
-6.827114206228580839e-02
-6.787761435722204639e-02
-6.605445257623095145e-02
-6.297719898447766418e-02
-5.922519879057474429e-02
-5.562666350511957791e-02
-5.293271308719212087e-02
-5.151550090978227608e-02
-5.128143522272338162e-02
-5.182360859516525059e-02
-5.265890312003209534e-02
-5.337990780039859190e-02
-5.369753125830944301e-02
-5.347073435866524227e-02
-5.277226319687593897e-02
-5.190361272871830273e-02
-5.124988954220682791e-02
-5.101903914274728835e-02
-5.107372514397453406e-02
-5.103260750347014124e-02
-5.058875129552702771e-02
-4.978280799922977368e-02
-4.899127546389810128e-02
-4.863740294116419144e-02
-4.887316359472662630e-02
-4.948503001746213520e-02
-5.005547287632176184e-02
-5.020607682758290030e-02
-4.974690376049407253e-02
-4.870171095409617235e-02
-4.727964712453417567e-02
-4.583454328004683137e-02
-4.477780390746851497e-02
-4.441545115045083397e-02
-4.477184854923703383e-02
-4.553170661727359153e-02
-4.618845206993441727e-02
-4.634781560643447262e-02
-4.599582470113415533e-02
-4.551981619038353993e-02
-4.543317869084379651e-02
-4.599916281214420921e-02
-4.704821293516975311e-02
-4.811948554705794412e-02
-4.877895567960428141e-02
-4.883791745340054780e-02
-4.832825533096477000e-02
-4.734268107342045478e-02
-4.596291544518726901e-02
-4.436413550800904354e-02
-4.295396082629941020e-02
-4.232807002201944419e-02
-4.298054205922521853e-02
-4.494439915218362280e-02
-4.763731118895684485e-02
-5.005164642228113886e-02
-5.116532846950457708e-02
-5.029074218613022174e-02
-4.716454080006141775e-02
-4.182305302037998135e-02
-3.447554473950447534e-02
-2.552718152822743003e-02
-1.568195020326266717e-02
-5.909628679786769513e-03
2.837450941018997141e-03
1.001466451675992950e-02
1.569372061601741891e-02
2.042276181152430370e-02
2.484882984604860554e-02
2.938607001091636528e-02
3.412315181374769857e-02
3.892049714499930951e-02
4.351478218215545229e-02
4.754007015133480951e-02
5.053952365948888997e-02
5.207652555661384380e-02
5.194050932978092061e-02
5.031383950861507276e-02
4.774971025948705761e-02
4.493863720758395353e-02
4.241778141097247296e-02
4.043814160913224154e-02
3.907047698384574774e-02
3.840893083892404219e-02
3.863136260005463340e-02
3.981270356572464558e-02
4.165299664843278432e-02
4.341830951417797319e-02
4.424345030596234934e-02
4.362742807468798778e-02
4.175567922625657985e-02
3.939297914605932593e-02
3.741736546827151288e-02
3.632701418495890705e-02
3.603677829642108060e-02
3.603525190509578036e-02
3.572818296333852423e-02
3.473357640540974262e-02
3.301039370581056176e-02
3.084147057888435642e-02
2.872180500815752283e-02
2.715807701471559255e-02
2.639448601229232513e-02
2.618013328728162684e-02
2.576741354162100095e-02
2.424696564078649905e-02
2.109112103173805750e-02
1.656690073364149723e-02
1.169945333471411608e-02
7.760179078160184783e-03
5.607154256273877597e-03
5.314703831945665619e-03
6.294086704346403202e-03
7.737019130667301126e-03
9.019622272538215663e-03
9.817459478827552863e-03
9.969305014361906983e-03
